,count,keep_percent,activity_regularizer,train_img_psnr,train_img_ncc,test_img_psnr,test_img_ncc,train_seg_psnr,train_seg_ncc,test_seg_psnr,test_seg_ncc,img_train_time,seg_train_time,linear_inverse_train_time,img_channel_size,seg_channel_size,dice_mean_train,iou_mean_train,dice_mean_test,iou_mean_test,dice_std_train,iou_std_train,dice_std_test,iou_std_test,train_size
0,1.0,0.1,True,17.196457578682697,"[[1.         0.68893643]
 [0.68893643 1.        ]]",16.876616699286384,"[[1.         0.41262541]
 [0.41262541 1.        ]]",12.99046144131193,"[[1.         0.86193074]
 [0.86193074 1.        ]]",12.788529316362624,"[[1.         0.56172906]
 [0.56172906 1.        ]]",98.13117027282715,98.13117027282715,131.49444198608398,1,1,0.19787343764133777,0.47820684523809565,0.23707582818975492,0.4708230820105817,0.19544180020086635,0.17086703309691406,0.22666419567759558,0.17487607095268087,
1,1.0,0.2,True,18.51914352440695,"[[1.       0.636104]
 [0.636104 1.      ]]",14.857070580429061,"[[1.         0.40921642]
 [0.40921642 1.        ]]",16.11921716377212,"[[1.         0.84036217]
 [0.84036217 1.        ]]",16.382643760833805,"[[1.         0.74927762]
 [0.74927762 1.        ]]",91.27815413475037,91.27815413475037,129.31608247756958,2,2,0.21612524707181321,0.47740955687830694,0.24367481644204803,0.4631008597883597,0.18479979109053146,0.17030159249595503,0.21032332811904195,0.17018988396699056,
2,1.0,0.3,True,19.822261058996173,"[[1.         0.87125573]
 [0.87125573 1.        ]]",19.864688451335248,"[[1.         0.65095824]
 [0.65095824 1.        ]]",17.160504335783692,"[[1.         0.79541097]
 [0.79541097 1.        ]]",21.841017782240023,"[[1.         0.78790092]
 [0.78790092 1.        ]]",92.97640657424927,92.97640657424927,136.71516513824463,3,3,0.24786425512284674,0.48249206349206325,0.2661002472699037,0.4628100198412698,0.18204132623352737,0.16801710014324256,0.2060609282018803,0.16802031716669605,
3,1.0,0.4,True,15.948241150758605,"[[1.         0.70495901]
 [0.70495901 1.        ]]",17.461432600018526,"[[1.        0.8200258]
 [0.8200258 1.       ]]",17.864774113591697,"[[1.         0.85133657]
 [0.85133657 1.        ]]",21.066374465383497,"[[1.         0.86745673]
 [0.86745673 1.        ]]",94.65010023117065,94.65010023117065,131.69002223014832,4,4,0.28808073271128776,0.49715823412698407,0.28434746354434515,0.46584904100529095,0.19108764036366857,0.16614398304020564,0.1990359553315692,0.1633332947419511,
4,1.0,0.4,True,15.62109895874402,"[[1.         0.85075981]
 [0.85075981 1.        ]]",16.641486180022905,"[[1.         0.78585465]
 [0.78585465 1.        ]]",18.462635475073476,"[[1.         0.81438112]
 [0.81438112 1.        ]]",15.57136317219712,"[[1.         0.77100633]
 [0.77100633 1.        ]]",27.275426149368286,27.275426149368286,37.20647311210632,4,4,0.2924293971533309,0.5002772817460317,0.2746117718470353,0.45722205687830686,0.19385706195279065,0.17263880281943528,0.18692233471081512,0.16050226846205376,2000.0
5,1.0,0.4,True,15.789666689674156,"[[1.         0.77518352]
 [0.77518352 1.        ]]",15.188532528590278,"[[1.         0.82353753]
 [0.82353753 1.        ]]",13.413502690076381,"[[1.         0.55552474]
 [0.55552474 1.        ]]",15.97775954074961,"[[1.         0.86788951]
 [0.86788951 1.        ]]",51.44682598114014,51.44682598114014,74.26334643363953,4,4,0.31751781599100987,0.5052314814814813,0.3109247033194497,0.47446428571428567,0.19809224501499517,0.16282942677623752,0.19107310811800904,0.16243762844122175,4000.0
6,1.0,0.4,True,16.727413563401267,"[[1.         0.69087407]
 [0.69087407 1.        ]]",15.413679846862138,"[[1.         0.85743041]
 [0.85743041 1.        ]]",27.769535504325,"[[1.         0.85948992]
 [0.85948992 1.        ]]",15.784189450041834,"[[1.         0.89512171]
 [0.89512171 1.        ]]",104.25224351882935,104.25224351882935,111.21151304244995,4,4,0.2805427527898664,0.4979667658730158,0.23752885171545876,0.45298131613756587,0.17788670102220105,0.16118891231952504,0.1779933454462096,0.16689830546058967,6000.0
