,activity_regularizer,count,dice_mean_test,dice_mean_train,dice_std_test,dice_std_train,img_channel_size,img_train_time,keep_percent,linear_inverse_train_time,resolution,seg_channel_size,seg_train_time,test_img_ncc,test_img_psnr,test_seg_ncc,test_seg_psnr,train_img_ncc,train_img_psnr,train_seg_ncc,train_seg_psnr,training_data_size
0,1.0,3.0,0.5500354160732888,0.6814805624569695,0.161461706020781,0.1810437317239324,16.0,73.67203044891357,0.1,1132.445601940155,128.0,16.0,73.67203044891357,"[[1.         0.70682901]
 [0.70682901 1.        ]]",10.573761098445395,"[[1.        0.7373224]
 [0.7373224 1.       ]]",10.27797870098924,"[[1.         0.10443487]
 [0.10443487 1.        ]]",8.015470418118365,"[[1.        0.6363833]
 [0.6363833 1.       ]]",9.66982415231556,
1,1.0,3.0,0.5158784295984594,0.7440463666623259,0.1627911495926834,0.1922396454348799,37.0,80.93122673034668,0.2,5797.012356042862,128.0,37.0,80.93122673034668,"[[1.         0.55233182]
 [0.55233182 1.        ]]",10.57657021354058,"[[1.         0.70840908]
 [0.70840908 1.        ]]",11.084550342961125,"[[1.        0.6676753]
 [0.6676753 1.       ]]",10.943103961108031,"[[1.         0.66370031]
 [0.66370031 1.        ]]",10.611803905101016,
2,1.0,3.0,0.5260628412670292,0.7437119448218632,0.14977197373616905,0.1921830086556174,56.0,86.13120818138123,0.3,15121.520055532455,128.0,56.0,86.13120818138123,"[[1.         0.62235474]
 [0.62235474 1.        ]]",10.577503686924805,"[[1.         0.50457823]
 [0.50457823 1.        ]]",9.609606071604764,"[[1.         0.63333278]
 [0.63333278 1.        ]]",10.986769317415611,"[[1.         0.21064507]
 [0.21064507 1.        ]]",7.976302058251693,
3,1.0,3.0,0.4371607561545844,0.9241006116719662,0.1618534367637144,0.10288540571575404,16.0,21.65693235397339,0.1,323.4064004421234,128.0,16.0,21.65693235397339,"[[1.         0.88455394]
 [0.88455394 1.        ]]",16.667244474590873,"[[1.        0.9495336]
 [0.9495336 1.       ]]",20.845904097380014,"[[1.         0.79190761]
 [0.79190761 1.        ]]",20.99344685450253,"[[1.         0.94304783]
 [0.94304783 1.        ]]",22.71753551897308,2000.0
4,1.0,3.0,0.4549375869814428,0.8702664895172374,0.16397683955802855,0.14710502823513166,16.0,42.16854214668274,0.1,624.6630630493164,128.0,16.0,42.16854214668274,"[[1.         0.90822264]
 [0.90822264 1.        ]]",17.697473828681478,"[[1.         0.93984297]
 [0.93984297 1.        ]]",16.794051336083843,"[[1.         0.64598388]
 [0.64598388 1.        ]]",15.208435016011745,"[[1.         0.79864245]
 [0.79864245 1.        ]]",14.70783700341326,4000.0
5,1.0,3.0,0.5500354160732888,0.6814805624569695,0.16146170602078105,0.18104373172393248,16.0,75.41120147705078,0.1,1128.8168141841888,128.0,16.0,75.41120147705078,"[[1.         0.71430264]
 [0.71430264 1.        ]]",11.05403234048149,"[[1.         0.08371623]
 [0.08371623 1.        ]]",8.88901696352981,"[[1.         0.57700794]
 [0.57700794 1.        ]]",10.241638717198178,"[[1.         0.19364708]
 [0.19364708 1.        ]]",7.937489226399524,
6,1.0,4.0,0.5795223358237069,0.7067053328178559,0.17059254748108368,0.19088689852501595,65.0,123.50681447982788,0.1,1173.6561980247498,128.0,65.0,123.50681447982788,"[[1.         0.55445225]
 [0.55445225 1.        ]]",11.141953366437804,"[[1.        0.0837807]
 [0.0837807 1.       ]]",8.888865226426574,"[[1.         0.32519189]
 [0.32519189 1.        ]]",9.392098581611208,"[[1.         0.54902349]
 [0.54902349 1.        ]]",9.697448966065647,
7,1.0,5.0,0.5688835445909631,0.6438585888370908,0.18399398595548955,0.17570307799932802,267.0,227.21264815330505,0.1,1288.6075115203857,128.0,267.0,227.21264815330505,"[[1.         0.10320483]
 [0.10320483 1.        ]]",9.06729866286658,"[[1.         0.36075969]
 [0.36075969 1.        ]]",9.540820228172265,"[[ 1.         -0.18420802]
 [-0.18420802  1.        ]]",7.539442535883143,"[[1.         0.22838663]
 [0.22838663 1.        ]]",9.588177766558738,
8,1.0,3.0,0.5919512882544581,0.6165974452405163,0.17223690681219425,0.17697064217332756,16.0,57.156251192092896,0.1,110.17162775993347,64.0,16.0,57.156251192092896,"[[1.         0.22956143]
 [0.22956143 1.        ]]",9.38792714244398,"[[1.         0.56463646]
 [0.56463646 1.        ]]",8.690528611478987,"[[1.         0.52399458]
 [0.52399458 1.        ]]",9.249534613019003,"[[1.         0.50263443]
 [0.50263443 1.        ]]",9.883347877554879,
9,1.0,3.0,0.4996136467367873,0.7448197371021007,0.16373291753935068,0.19262910125811994,16.0,166.17011213302612,0.1,21648.16691684723,256.0,16.0,166.17011213302612,"[[1.        0.5290054]
 [0.5290054 1.       ]]",10.483150021797652,"[[1.         0.69462363]
 [0.69462363 1.        ]]",10.647402821031113,"[[1.         0.64853061]
 [0.64853061 1.        ]]",11.04810220861162,"[[1.        0.3451366]
 [0.3451366 1.       ]]",8.960420782373951,
