,activity_regularizer,count,dice_mean_test,dice_mean_train,dice_std_test,dice_std_train,img_channel_size,img_train_time,keep_percent,linear_inverse_train_time,resolution,seg_channel_size,seg_train_time,test_img_ncc,test_img_psnr,test_seg_ncc,test_seg_psnr,train_img_ncc,train_img_psnr,train_seg_ncc,train_seg_psnr,training_data_size
0,1.0,4.0,0.6035973645313979,0.5967429977121217,0.1815160192000146,0.18270050650196887,65.0,117.95108079910278,0.1,69.23499584197998,128.0,65.0,117.95108079910278,"[[1.         0.59193977]
 [0.59193977 1.        ]]",10.466899221064189,"[[1.        0.7599491]
 [0.7599491 1.       ]]",10.800004439692234,"[[1.         0.57378093]
 [0.57378093 1.        ]]",10.641073231776152,"[[1.         0.19299147]
 [0.19299147 1.        ]]",7.9367562203939706,
1,1.0,4.0,0.6034904526459947,0.5966696531875655,0.18142619489038667,0.1826199712538466,149.0,142.84195947647095,0.2,85.13888049125671,128.0,149.0,142.84195947647095,"[[1.         0.71988583]
 [0.71988583 1.        ]]",10.593359505569051,"[[1.         0.18492091]
 [0.18492091 1.        ]]",9.910865412246693,"[[1.         0.35289112]
 [0.35289112 1.        ]]",10.630370120446319,"[[1.         0.54678655]
 [0.54678655 1.        ]]",10.059456044575503,
2,1.0,4.0,0.603495709381119,0.596668397754643,0.18144229389965605,0.18262056639274907,283.0,186.63316822052002,0.4,106.01482224464417,128.0,283.0,186.63316822052002,"[[1.         0.34554448]
 [0.34554448 1.        ]]",10.500167860312338,"[[1.         0.25500971]
 [0.25500971 1.        ]]",9.900710122010526,"[[1.         0.39601505]
 [0.39601505 1.        ]]",8.948795322472115,"[[1.         0.62036176]
 [0.62036176 1.        ]]",10.182624607006312,
3,1.0,4.0,0.6034294150564726,0.596622016543287,0.18140494481629935,0.18258459334773927,433.0,276.9322032928467,0.6,143.2324538230896,128.0,433.0,276.9322032928467,"[[1.         0.62203149]
 [0.62203149 1.        ]]",10.922497394994174,"[[1.         0.71159256]
 [0.71159256 1.        ]]",10.337609341874405,"[[1.         0.65572225]
 [0.65572225 1.        ]]",10.686782589602544,"[[1.         0.38315207]
 [0.38315207 1.        ]]",9.48647441693054,
4,1.0,4.0,0.33578932049886656,0.3222214996227785,0.2443241199304295,0.25232861991338285,586.0,307.9829013347626,0.8,247.53528547286987,128.0,586.0,307.9829013347626,"[[1.         0.73201938]
 [0.73201938 1.        ]]",10.833744989901168,"[[1.         0.99121222]
 [0.99121222 1.        ]]",32.178459930121804,"[[1.         0.63510634]
 [0.63510634 1.        ]]",10.375137722981298,"[[1.         0.98409882]
 [0.98409882 1.        ]]",31.483920977084722,
