,activity_regularizer,count,dice_mean_test,dice_mean_train,dice_std_test,dice_std_train,img_channel_size,img_train_time,keep_percent,linear_inverse_train_time,resolution,seg_channel_size,seg_train_time,test_img_ncc,test_img_psnr,test_seg_ncc,test_seg_psnr,train_img_ncc,train_img_psnr,train_seg_ncc,train_seg_psnr,training_data_size
0,1.0,3.0,0.5920467228088202,0.5851516658876661,0.1957678622117718,0.19401433728570028,16.0,73.20398139953613,0.1,48.889625787734985,128.0,16.0,73.20398139953613,"[[1.         0.59896027]
 [0.59896027 1.        ]]",10.939882225635824,"[[1.         0.57804845]
 [0.57804845 1.        ]]",10.583574541391577,"[[1.         0.45119437]
 [0.45119437 1.        ]]",9.354958875261461,"[[1.         0.48026074]
 [0.48026074 1.        ]]",10.031541783003224,
1,1.0,3.0,0.5915919086933455,0.5846277811824202,0.19555347985743335,0.19386022073237294,37.0,80.34971046447754,0.2,56.610363721847534,128.0,37.0,80.34971046447754,"[[1.         0.24465055]
 [0.24465055 1.        ]]",10.101126339310953,"[[1.         0.50175763]
 [0.50175763 1.        ]]",9.647332604470918,"[[1.        0.5281499]
 [0.5281499 1.       ]]",10.111717608857312,"[[1.         0.47000759]
 [0.47000759 1.        ]]",10.166949133225911,
2,1.0,3.0,0.5914027768996447,0.5843971880698788,0.19605011375765977,0.1942373016302335,56.0,81.73348236083984,0.3,57.9605131149292,128.0,56.0,81.73348236083984,"[[1.         0.58302453]
 [0.58302453 1.        ]]",11.265802178026163,"[[1.         0.50774869]
 [0.50774869 1.        ]]",9.673391147253897,"[[1.         0.31022632]
 [0.31022632 1.        ]]",9.14504486494357,"[[1.         0.75965925]
 [0.75965925 1.        ]]",10.438509056772688,
3,1.0,3.0,0.4325778844153308,0.4194611580207811,0.2268825173137896,0.23351180954123388,16.0,19.64419460296631,0.1,11.632997751235962,128.0,16.0,19.64419460296631,"[[1.         0.94846251]
 [0.94846251 1.        ]]",21.238106764522495,"[[1.         0.97262656]
 [0.97262656 1.        ]]",23.42441183140857,"[[1.         0.87105743]
 [0.87105743 1.        ]]",17.99468336368832,"[[1.        0.9628067]
 [0.9628067 1.       ]]",23.09388625316138,2000.0
4,1.0,3.0,0.5185426378619712,0.5056881293203722,0.2124471251388763,0.22140480633124468,16.0,37.752859354019165,0.1,24.266199588775635,128.0,16.0,37.752859354019165,"[[1.         0.68253286]
 [0.68253286 1.        ]]",15.89505224911525,"[[1.         0.83839179]
 [0.83839179 1.        ]]",13.608654155197327,"[[1.         0.58160038]
 [0.58160038 1.        ]]",18.352406281013565,"[[1.         0.67674306]
 [0.67674306 1.        ]]",15.411667278898776,4000.0
5,1.0,3.0,0.5920467228088202,0.5851516658876661,0.1957678622117718,0.19401433728570028,16.0,69.62549805641174,0.1,46.68104529380798,128.0,16.0,69.62549805641174,"[[1.       0.554261]
 [0.554261 1.      ]]",11.151737292106148,"[[1.         0.44930825]
 [0.44930825 1.        ]]",10.04430509136437,"[[1.         0.51390484]
 [0.51390484 1.        ]]",10.059238385643276,"[[1.         0.11970026]
 [0.11970026 1.        ]]",9.37985435947737,
6,1.0,4.0,0.6020823349441103,0.5952419911891753,0.18215986538371215,0.18340472700731444,65.0,112.660569190979,0.1,65.92208504676819,128.0,65.0,112.660569190979,"[[1.         0.56610277]
 [0.56610277 1.        ]]",10.584094592662971,"[[1.         0.69925744]
 [0.69925744 1.        ]]",10.238445049360918,"[[1.         0.64669206]
 [0.64669206 1.        ]]",10.808047356485005,"[[1.        0.1977952]
 [0.1977952 1.       ]]",9.756060134184272,
7,1.0,5.0,0.6074421420987265,0.5970391004477676,0.17806874351609206,0.17715368236626544,267.0,202.73582410812378,0.1,86.20343923568726,128.0,267.0,202.73582410812378,"[[1.         0.32331162]
 [0.32331162 1.        ]]",9.345006272670766,"[[1.         0.28938229]
 [0.28938229 1.        ]]",7.181666652321464,"[[1.         0.28942824]
 [0.28942824 1.        ]]",9.60474418588031,"[[1.         0.32514764]
 [0.32514764 1.        ]]",8.165045102620843,
8,1.0,3.0,0.5999022620718365,0.5924281992051191,0.1890528664394611,0.18828891377269347,16.0,46.892542362213135,0.1,32.273839712142944,64.0,16.0,46.892542362213135,"[[1.         0.37454254]
 [0.37454254 1.        ]]",10.267321885072697,"[[1.         0.55273629]
 [0.55273629 1.        ]]",9.528387279985651,"[[1.        0.3609531]
 [0.3609531 1.       ]]",10.739617588954694,"[[1.        0.6334505]
 [0.6334505 1.       ]]",10.33821836506049,
9,1.0,3.0,0.5845929952750973,0.5771410327003103,0.19963651294148244,0.19761515680753944,16.0,160.45552778244019,0.1,109.92118501663208,256.0,16.0,160.45552778244019,"[[1.         0.25376286]
 [0.25376286 1.        ]]",10.17055078085253,"[[1.         0.60988199]
 [0.60988199 1.        ]]",9.978738719895189,"[[1.         0.38236743]
 [0.38236743 1.        ]]",9.221071731873222,"[[1.         0.53015025]
 [0.53015025 1.        ]]",10.373133309595046,
