,activity_regularizer,count,dice_mean_test,dice_mean_train,dice_std_test,dice_std_train,img_channel_size,img_train_time,keep_percent,linear_inverse_train_time,resolution,seg_channel_size,seg_train_time,test_img_ncc,test_img_psnr,test_seg_ncc,test_seg_psnr,train_img_ncc,train_img_psnr,train_seg_ncc,train_seg_psnr,training_data_size
0,1.0,3.0,0.5934686933899411,0.5866429034244376,0.1950471436591043,0.19333688573306773,16.0,78.36839437484741,0.1,52.39446043968201,128.0,16.0,78.36839437484741,"[[1.        0.3811196]
 [0.3811196 1.       ]]",10.124746806086012,"[[1.         0.35738298]
 [0.35738298 1.        ]]",10.217253471290755,"[[1.         0.51140313]
 [0.51140313 1.        ]]",9.872046465317382,"[[1.         0.16551744]
 [0.16551744 1.        ]]",10.203162298940995,
1,1.0,3.0,0.5931146660346233,0.5862056887771361,0.195264128190772,0.19352191087340992,67.0,92.35288095474243,0.4,69.40108466148376,128.0,67.0,92.35288095474243,"[[1.         0.66501741]
 [0.66501741 1.        ]]",10.456215275874687,"[[1.         0.57999432]
 [0.57999432 1.        ]]",10.412898146095051,"[[1.         0.53512549]
 [0.53512549 1.        ]]",10.14905730638155,"[[1.         0.44801269]
 [0.44801269 1.        ]]",9.96996199697166,
2,1.0,3.0,0.5934732652014647,0.5864825223943338,0.1951234195329748,0.19336379112023094,111.0,109.36072540283203,0.6,76.86658072471619,128.0,111.0,109.36072540283203,"[[1.         0.62383363]
 [0.62383363 1.        ]]",10.23653339748816,"[[1.         0.50592984]
 [0.50592984 1.        ]]",10.163055042802773,"[[1.        0.5988807]
 [0.5988807 1.       ]]",10.549846020881496,"[[1.         0.73364616]
 [0.73364616 1.        ]]",9.769677188959754,
3,1.0,3.0,0.4044570639844417,0.39027732759763445,0.2357678639130234,0.24297540827632905,148.0,115.36880683898926,0.8,88.18445181846619,128.0,148.0,115.36880683898926,"[[1.         0.35583668]
 [0.35583668 1.        ]]",10.566667611611242,"[[1.       0.992938]
 [0.992938 1.      ]]",33.1475819374256,"[[1.        0.5654827]
 [0.5654827 1.       ]]",9.748481638048052,"[[1.         0.99810246]
 [0.99810246 1.        ]]",33.25924816252862,
4,1.0,3.0,0.40496493943876266,0.3907169711506227,0.23591307466038086,0.24305924914524568,192.0,135.21039152145386,1.0,96.57505655288696,128.0,192.0,135.21039152145386,"[[1.         0.16528229]
 [0.16528229 1.        ]]",8.874663574210723,"[[1.         0.99134072]
 [0.99134072 1.        ]]",27.85927164367451,"[[1.         0.70889764]
 [0.70889764 1.        ]]",10.542900480928248,"[[1.         0.99632509]
 [0.99632509 1.        ]]",32.24070636604294,
