,activity_regularizer,count,dice_mean_test,dice_mean_train,dice_std_test,dice_std_train,img_channel_size,img_train_time,iou_mean_test,iou_mean_train,iou_std_test,iou_std_train,keep_percent,linear_inverse_train_time,seg_channel_size,seg_train_time,test_img_ncc,test_img_psnr,test_seg_ncc,test_seg_psnr,train_img_ncc,train_img_psnr,train_seg_ncc,train_seg_psnr,training_data_size,resolution
0,1.0,3.0,0.5637224797854772,0.5571461934719225,0.20346159580873258,0.20494866634488745,37.0,297.25473952293396,0.41423205555311426,0.4037086215873918,0.19378417096078235,0.1924091667785762,0.2,251.63198232650757,37.0,297.25473952293396,"[[1.         0.74864662]
 [0.74864662 1.        ]]",13.067957215209368,"[[1.         0.77573446]
 [0.77573446 1.        ]]",13.26973193949436,"[[1.        0.6981716]
 [0.6981716 1.       ]]",13.064244168226661,"[[1.         0.76521374]
 [0.76521374 1.        ]]",12.393154721758396,6000.0,
1,1.0,3.0,0.5637943793241716,0.5571206717209887,0.20348455540000007,0.20496050527520265,56.0,355.88828349113464,0.414258246469962,0.40366216133608096,0.1938818287375541,0.19245115310357486,0.3,256.3188033103943,56.0,355.88828349113464,"[[1.         0.71033779]
 [0.71033779 1.        ]]",13.47168752044222,"[[1.         0.80590817]
 [0.80590817 1.        ]]",13.616746502942688,"[[1.         0.49375791]
 [0.49375791 1.        ]]",12.235780957438937,"[[1.         0.74843858]
 [0.74843858 1.        ]]",13.935730814035445,6000.0,
2,1.0,3.0,0.36017061665998024,0.3531459792606826,0.2183419671984414,0.22026812935579496,56.0,124.59992599487305,0.3427427521542518,0.35441595972065437,0.17722498694566174,0.18149731941119165,0.3,83.49873065948486,56.0,124.59992599487305,"[[1.         0.96758737]
 [0.96758737 1.        ]]",24.51287959073264,"[[1.        0.9935361]
 [0.9935361 1.       ]]",28.01163334617572,"[[1.         0.96295417]
 [0.96295417 1.        ]]",23.181462519478902,"[[1.         0.98242495]
 [0.98242495 1.        ]]",25.628657000034703,2000.0,
3,1.0,3.0,0.35775694120466467,0.34809408676524667,0.2177537660067104,0.2216679404053895,56.0,242.66823625564575,0.3395595461223041,0.3512775584456323,0.17737249966954027,0.18109847038457347,0.3,168.37140703201294,56.0,242.66823625564575,"[[1.         0.81447484]
 [0.81447484 1.        ]]",17.213477164810975,"[[1.         0.95279128]
 [0.95279128 1.        ]]",27.282163113016683,"[[1.         0.97886715]
 [0.97886715 1.        ]]",26.293427221326212,"[[1.         0.91639912]
 [0.91639912 1.        ]]",22.840994392987398,4000.0,
4,1.0,3.0,0.5914027768996447,0.5843971880698788,0.19605011375765977,0.1942373016302335,56.0,433.1868143081665,0.4339322204175366,0.4245288059684051,0.19323855488447134,0.18925549550246556,0.3,328.03912711143494,56.0,433.1868143081665,"[[1.         0.63446364]
 [0.63446364 1.        ]]",11.086776283394283,"[[1.         0.64184268]
 [0.64184268 1.        ]]",10.214963992451782,"[[1.         0.64440541]
 [0.64440541 1.        ]]",10.98308814159835,"[[1.         0.26922478]
 [0.26922478 1.        ]]",9.889056917769924,,
5,1.0,4.0,0.601955457278256,0.5951632758282699,0.1820294472108765,0.18332914865117123,201.0,783.9409382343292,0.44769117503625866,0.43845838458026987,0.17982912962968836,0.18037603692193022,0.3,441.35490465164185,201.0,783.9409382343292,"[[1.         0.55949987]
 [0.55949987 1.        ]]",9.405635884749424,"[[1.         0.14461991]
 [0.14461991 1.        ]]",10.096207436253524,"[[1.         0.16842863]
 [0.16842863 1.        ]]",8.554805710705665,"[[1.         0.46558853]
 [0.46558853 1.        ]]",9.912170054851101,,
6,1.0,3.0,0.5647509477883557,0.5580140813839249,0.20435933487463673,0.20575004439019076,16.0,327.4028160572052,0.41760900850417376,0.4070837495497253,0.1957376973457403,0.19429152061159666,0.1,226.3806962966919,16.0,327.4028160572052,"[[ 1.         -0.12038401]
 [-0.12038401  1.        ]]",11.204542683580652,"[[1.         0.69243626]
 [0.69243626 1.        ]]",12.044174272956283,"[[1.         0.75406671]
 [0.75406671 1.        ]]",11.967747135877186,"[[1.         0.50362068]
 [0.50362068 1.        ]]",12.927746235578372,6000.0,
7,1.0,3.0,0.5647509477883557,0.5580140813839249,0.20435933487463673,0.20575004439019076,16.0,327.59638023376465,0.41760900850417376,0.4070837495497253,0.1957376973457403,0.19429152061159666,0.1,260.87002515792847,16.0,327.59638023376465,"[[1.         0.67785857]
 [0.67785857 1.        ]]",13.19029677411045,"[[1.         0.18714657]
 [0.18714657 1.        ]]",10.806391699401907,"[[1.         0.74203231]
 [0.74203231 1.        ]]",13.894254378101682,"[[1.         0.33304158]
 [0.33304158 1.        ]]",12.161061525935711,6000.0,
8,1.0,4.0,0.33909097684723494,0.32550190563589815,0.24518546760609347,0.2529545739448456,586.0,1702.6088135242462,0.3280907493197046,0.3283621195503579,0.18875110647238022,0.20253874941760824,0.8,1072.0856833457947,586.0,1702.6088135242462,"[[1.         0.63918565]
 [0.63918565 1.        ]]",11.134980587861406,"[[1.         0.99524879]
 [0.99524879 1.        ]]",29.371088335296584,"[[1.         0.47616465]
 [0.47616465 1.        ]]",9.338267415889236,"[[1.         0.98359983]
 [0.98359983 1.        ]]",30.335030670182665,,128.0
9,1.0,4.0,0.6020823349441103,0.5952419911891753,0.18215986538371215,0.18340472700731444,65.0,726.1831650733948,0.4487146893604479,0.4393273144616266,0.1801770166650175,0.1806573945663663,0.1,391.6239776611328,65.0,726.1831650733948,"[[1.        0.5594915]
 [0.5594915 1.       ]]",9.541493915058128,"[[1.         0.09971997]
 [0.09971997 1.        ]]",9.972029672679136,"[[1.        0.6254667]
 [0.6254667 1.       ]]",10.881029494900332,"[[1.         0.54499937]
 [0.54499937 1.        ]]",9.455638402630534,,128.0
