,activity_regularizer,count,dice_mean_test,dice_mean_train,dice_std_test,dice_std_train,img_channel_size,img_train_time,iou_mean_test,iou_mean_train,iou_std_test,iou_std_train,keep_percent,linear_inverse_train_time,seg_channel_size,seg_train_time,test_img_ncc,test_img_psnr,test_seg_ncc,test_seg_psnr,train_img_ncc,train_img_psnr,train_seg_ncc,train_seg_psnr,training_data_size
0,1.0,3.0,0.5160622222048687,0.539833439876474,0.18255827309868355,0.2107756474874575,16.0,27.759910345077515,0.41263647888658633,0.42743953972636844,0.17703960810725433,0.18757987510205373,0.1,18.34874725341797,16.0,27.759910345077515,"[[1.         0.89094756]
 [0.89094756 1.        ]]",18.737622342233802,"[[1.         0.85857027]
 [0.85857027 1.        ]]",15.093947055727856,"[[1.         0.90376991]
 [0.90376991 1.        ]]",21.070546305929845,"[[1.         0.77090828]
 [0.77090828 1.        ]]",15.193796046884598,800.0
1,1.0,3.0,0.35546249747271585,0.34840829862196165,0.21662124315160228,0.2263571782989401,37.0,39.227766036987305,0.39082915911860183,0.3800898300510382,0.1846731952356885,0.17943934380596852,0.2,19.422673225402832,37.0,39.227766036987305,"[[1.         0.96537439]
 [0.96537439 1.        ]]",24.412281692164214,"[[1.         0.94513967]
 [0.94513967 1.        ]]",24.51628268243428,"[[1.        0.9752941]
 [0.9752941 1.       ]]",24.950620717299184,"[[1.         0.84383206]
 [0.84383206 1.        ]]",25.96951361374505,800.0
2,1.0,3.0,0.3450494679572666,0.3354426704935726,0.21488780032605254,0.22491467027002213,56.0,37.264211654663086,0.39719800004643396,0.38579856353825775,0.18677917776787095,0.17903416960668428,0.3,22.907638549804688,56.0,37.264211654663086,"[[1.         0.92524661]
 [0.92524661 1.        ]]",23.631806814654553,"[[1.         0.96420961]
 [0.96420961 1.        ]]",26.409868321690162,"[[1.         0.98167325]
 [0.98167325 1.        ]]",24.437318831395274,"[[1.         0.94733432]
 [0.94733432 1.        ]]",20.724781316465357,800.0
3,1.0,3.0,0.3618187715277038,0.3544025378272298,0.21850687067845231,0.2263261738878802,56.0,86.12427949905396,0.40184643695718963,0.3954090784077935,0.18404613726749777,0.1809636122355714,0.3,95.78922867774963,56.0,86.12427949905396,"[[1.         0.74128799]
 [0.74128799 1.        ]]",15.935572661588598,"[[1.         0.79668769]
 [0.79668769 1.        ]]",22.905900110164037,"[[1.         0.90130334]
 [0.90130334 1.        ]]",22.51774906336017,"[[1.         0.92847499]
 [0.92847499 1.        ]]",20.690760062777535,2000.0
4,1.0,3.0,0.3491602728262017,0.338126037993084,0.2246427123476277,0.22773359878987665,56.0,144.05520606040955,0.4018915918285625,0.3921667103900302,0.19252685371999953,0.18120280915728731,0.3,106.08666849136353,56.0,144.05520606040955,"[[1.         0.79295933]
 [0.79295933 1.        ]]",18.022768493102063,"[[1.         0.97611445]
 [0.97611445 1.        ]]",27.896149881453262,"[[1.        0.8932781]
 [0.8932781 1.       ]]",19.35608302597489,"[[1.         0.90891817]
 [0.90891817 1.        ]]",39.50051639555904,4000.0
